a=100;
r=0.01;
n=365;

A = a(1 + r/n)^n

A